Fecha	RegistroMedidor	Consumom3	ConsumoGal
2020-11-30	1.25	1.25	1.325
2020-12-01	6.93	5.68	6.0208
2020-12-02	11.32	4.39	4.6534
2020-12-03	20.4	9.08	9.6248
2020-12-04	30.7	10.3	10.918
2020-12-05	41	10.3	10.918
2020-12-06	51.74	10.74	11.3844
2020-12-07	59.91	8.17	8.6602
2020-12-08	69.6	9.69	10.2714
2020-12-09	80.43	10.83	11.4798
2020-12-10	88.87	8.44	8.9464
2020-12-11	99.87	11	11.66
2020-12-12	110.87	11	11.66
2020-12-13	122.07	11.2	11.872
2020-12-14	133.05	10.98	11.6388
2020-12-15	142.71	9.66	10.2396
2020-12-16	152.82	10.11	10.7166
2020-12-17	163.8	10.98	11.6388
2020-12-18	172.4	8.6	9.116
2020-12-19	181	8.6	9.116
2020-12-20	189.6	8.6	9.116
2020-12-21	200.22	10.62	11.2572
2020-12-22	210	9.78	10.3668
2020-12-23	221.05	11.05	11.713
2020-12-24	226.75	5.7	6.042
2020-12-25	232.45	5.7	6.042
2020-12-26	238.15	5.7	6.042
2020-12-27	244.16	6.01	6.3706
2020-12-28	251.36	7.2	7.632
2020-12-29	258.71	7.35	7.791
2020-12-30	271.7	12.99	13.7694
2020-12-31	285.7	14	14.84
2021-01-01	299.7	14	14.84
2021-01-02	313.7	14	14.84
2021-01-03	328.6	14.9	15.794
2021-01-04	341.7	13.1	13.886
2021-01-05	354.3	12.6	13.356
2021-01-06	366	11.7	12.402
2021-01-07	378.5	12.5	13.25
2021-01-08	389.1	10.6	11.236
2021-01-09	399.7	10.6	11.236
2021-01-10	410.3	10.6	11.236
2021-01-11	420.9	10.6	11.236
2021-01-12	433	12.1	12.826
2021-01-13	446.6	13.6	14.416
2021-01-14	458.3	11.7	12.402
2021-01-15	468.9	10.6	11.236
2021-01-16	479.5	10.6	11.236
2021-01-17	490.3	10.8	11.448
2021-01-18	492.6	2.3	2.438
2021-01-19	506.4	13.8	14.628
2021-01-20	517.8	11.4	12.084
2021-01-21	526.4	8.6	9.116
2021-01-22	535.7	9.3	9.858
2021-01-23	545	9.3	9.858
2021-01-24	554.3	9.3	9.858
2021-01-25	568.4	14.1	14.946
2021-01-26	581.1	12.7	13.462
2021-01-27	593.2	12.1	12.826
2021-01-28	603.1	9.9	10.494
2021-01-29	614.8	11.7	12.402
2021-01-30	626.5	11.7	12.402
2021-01-31	638.1	11.6	12.296
2021-02-01	647.3	9.2	9.752
2021-02-02	652.2	4.9	5.194
2021-02-03	660.2	8	8.48
2021-02-04	676.5	16.3	17.278
2021-02-05	686.4	9.9	10.494
2021-02-06	696.4	10	10.6
2021-02-07	706.3	9.9	10.494
2021-02-08	715.1	8.8	9.328
2021-02-09	722.2	7.1	7.526
2021-02-10	730.1	7.9	8.374
2021-02-11	737.4	7.3	7.738
2021-02-12	746.1	8.7	9.222
2021-02-13	754.8	8.7	9.222
2021-02-14	763.5	8.7	9.222
2021-02-15	773	9.5	10.07
2021-02-16	782.8	9.8	10.388
2021-02-17	789.8	7	7.42
2021-02-18	797.5	7.7	8.162
2021-02-19	804.6	7.1	7.526
2021-02-20	811.6	7	7.42
2021-02-21	818.7	7.1	7.526
2021-02-22	827.1	8.4	8.904
2021-02-23	836.3	9.2	9.752
2021-02-24	843.7	7.4	7.844
2021-02-25	853.6	9.9	10.494
2021-02-26	860.1	6.5	6.89
2021-02-27	866.8	6.7	7.102
2021-02-28	873.3	6.5	6.89
2021-03-01	879.9	6.6	6.996
2021-03-02	888.2	8.3	8.798
2021-03-03	893.3	5.1	5.406
2021-03-04	893.3	0	0
2021-03-05	893.3	0	0
2021-03-06	893.3	0	0
2021-03-07	893.3	0	0
2021-03-08	893.3	0	0
2021-03-09	893.3	0	0
2021-03-10	899.4	6.1	6.466
2021-03-11	906.5	7.1	7.526
2021-03-12	913	6.5	6.89
2021-03-13	919.5	6.5	6.89
2021-03-14	926	6.5	6.89
2021-03-15	933.3	7.3	7.738
2021-03-16	940.3	7	7.42
2021-03-17	946.9	6.6	6.996
2021-03-18	954.8	7.9	8.374
2021-03-19	962.2	7.4	7.844
2021-03-20	969.5	7.3	7.738
2021-03-21	976.9	7.4	7.844
2021-03-22	983.4	6.5	6.89
2021-03-23	988.9	5.5	5.83
2021-03-24	998.9	10	10.6
2021-03-25	1005.3	6.4	6.784
2021-03-26	1009.6	4.3	4.558
2021-03-27	1015.9	6.3	6.678
2021-03-28	1022.2	6.3	6.678
2021-03-29	1028.6	6.4	6.784
2021-03-30	1035.3	6.7	7.102
2021-03-31	1040.68	5.38	5.7028
2021-04-01	1046.06	5.38	5.7028
2021-04-02	1051.44	5.38	5.7028
2021-04-03	1056.82	5.38	5.7028
2021-04-04	1062.2	5.38	5.7028
2021-04-05	1071.1	8.9	9.434
2021-04-06	1079.9	8.8	9.328
2021-04-07	1087.7	7.8	8.268
2021-04-08	1094.6	6.9	7.314
2021-04-09	1105.6	11	11.66
2021-04-10	1112.1	6.5	6.89
2021-04-11	1118.6	6.5	6.89
2021-04-12	1130.1	11.5	12.19
2021-04-13	1135.4	5.3	5.618
2021-04-14	1145.8	10.4	11.024
2021-04-15	1154	8.2	8.692
2021-04-16	1160	6	6.36
2021-04-17	1166.5	6.5	6.89
2021-04-18	1173	6.5	6.89
2021-04-19	1182.8	9.8	10.388
2021-04-20	1189.46	6.66	7.0596
2021-04-21	1197.32	7.86	8.3316
2021-04-22	1202.1	4.78	5.0668
2021-04-23	1208.1	6	6.36
2021-04-24	1212.7	4.6	4.876
2021-04-25	1217.3	4.6	4.876
2021-04-26	1220.7	3.4	3.604
2021-04-27	1226.7	6	6.36
2021-04-28	1231	4.3	4.558
2021-04-29	1231.46	0.46	0.4876
2021-04-30	1236.86	5.4	5.724
2021-05-01	1242.26	5.4	5.724
2021-05-02	1247.66	5.4	5.724
2021-05-03	1254.9	7.24	7.6744
2021-05-04	1262.3	7.4	7.844
2021-05-05	1269.62	7.32	7.7592
2021-05-06	1275.42	5.8	6.148
2021-05-07	1280.33	4.91	5.2046
2021-05-08	1287.29	6.96	7.3776
2021-05-09	1294.25	6.96	7.3776
2021-05-10	1302.86	8.61	9.1266
2021-05-11	1308.83	5.97	6.3282
2021-05-12	1313.36	4.53	4.8018
2021-05-13	1319.4	6.04	6.4024
2021-05-14	1326.2	6.8	7.208
2021-05-15	1332.34	6.14	6.5084
2021-05-16	1338.48	6.14	6.5084
2021-05-17	1344.62	6.14	6.5084
2021-05-18	1353.53	8.91	9.4446
2021-05-19	1361.3	7.77	8.2362
2021-05-20	1369.42	8.12	8.6072
2021-05-21	1375.68	6.26	6.6356
2021-05-22	1381.44	5.76	6.1056
2021-05-23	1387.2	5.76	6.1056
2021-05-24	1395.42	8.22	8.7132
2021-05-25	1401.72	6.3	6.678
2021-05-26	1408.1	6.38	6.7628
2021-05-27	1416.99	8.89	9.4234000000000009
2021-05-28	1423.15	6.16	6.5296
2021-05-29	1429.3	6.15	6.519
2021-05-30	1435.46	6.16	6.5296
2021-05-31	1442.08	6.62	7.0172
2021-06-01	1449.04	6.96	7.3776
2021-06-02	1454.62	5.58	5.9148
2021-06-03	1460.9	6.28	6.6568
2021-06-04	1469.1	8.2	8.692
2021-06-05	1475.74	6.64	7.0384
2021-06-06	1482.38	6.64	7.0384
2021-06-07	1489.02	6.64	7.0384
2021-06-08	1497.71	8.69	9.2114
2021-06-09	1506.31	8.6	9.116
2021-06-10	1516.01	9.7	10.282
2021-06-11	1523.42	7.41	7.8546
2021-06-12	1530.52	7.1	7.526
2021-06-13	1537.62	7.1	7.526
2021-06-14	1544.72	7.1	7.526
2021-06-15	1554.32	9.6	10.176
2021-06-16	1560.53	6.21	6.5826
2021-06-17	1570.31	9.78	10.3668
2021-06-18	1578.62	8.31	8.8086
2021-06-19	1586.01	7.39	7.8334
2021-06-20	1593.4	7.39	7.8334
2021-06-21	1600.8	7.4	7.844
2021-06-22	1606.9	6.1	6.466
2021-06-23	1613	6.1	6.466
2021-06-24	1620.22	7.22	7.6532
2021-06-25	1627.84	7.62	8.0772
2021-06-26	1634	6.16	6.5296
2021-06-27	1641	7	7.42
2021-06-28	1646.91	5.91	6.2646
2021-06-29	1653.56	6.65	7.049
2021-06-30	1660.32	6.76	7.1656
2021-07-01	1666.42	6.1	6.466
2021-07-02	1672.5	6.08	6.4448
2021-07-03	1678.41	5.91	6.2646
2021-07-04	1684.32	5.91	6.2646
2021-07-05	1690.22	5.9	6.254
2021-07-06	1696.02	5.8	6.148
2021-07-07	1702.02	6	6.36
2021-07-08	1706.36	4.34	4.6004
2021-07-09	1712.41	6.05	6.413
2021-07-10	1716.91	4.5	4.77
2021-07-11	1721.4	4.49	4.7594
2021-07-12	1726.36	4.96	5.2576
2021-07-13	1730.5	4.14	4.3884
2021-07-14	1735.2	4.7	4.982
2021-07-15	1739.52	4.32	4.5792
2021-07-16	1744.1	4.58	4.8548
